1 2478.0684701
2 3398.96115794
3 22971.1519655
56 11538.5647815
55 2538.13007435
57 27814.3950707
4 2502.4358779
5 5138.31054113
58 2549.51384353
6 27079.707459
60 34252.6371037
59 16382.8113495
63 40097.3189001
8 6934.28948103
61 2542.73217504
7 2531.0328251
9 28174.7861944
62 21527.1408384
109 2543.97744588
111 36406.8921338
110 23530.3827145
66 42208.3333872
64 2569.46120572
65 26555.1245739
11 8413.84590666
12 29540.5669392
112 2498.19549895
10 2560.90019076
69 45712.0322224
13 2568.7505889
114 53432.1035628
68 26661.7804706
15 33025.6693882
113 27196.7668018
14 9834.84779191
67 2552.599443
72 48355.305038
117 48055.2720176
70 2551.28432018
16 2624.74698985
17 10969.484521
115 2504.61682125
116 27531.9289249
18 34488.6971893
71 27254.3614896
75 51903.4673129
120 50451.7659923
19 2659.35258352
21 38720.2875043
119 29349.9182143
20 11917.5715331
74 27686.2163938
118 2512.46974857
73 2543.29757991
78 53101.2330471
24 39976.1666819
121 2510.87825093
22 2715.11507245
23 12939.1350178
76 2557.83434012
77 27632.3242181
123 51149.7972239
81 53897.0937552
27 40220.1958565
122 29374.9847923
26 13993.8494679
79 2547.88247222
80 27684.1072084
25 2739.98122667
84 55106.6272149
126 54516.7640563
30 41964.2113493
28 2759.08105715
124 2514.2243852
83 28535.7581246
125 33401.2337928
82 2550.76001636
29 14859.9828281
87 52957.0995348
33 43471.4189514
127 2515.02846942
90 52199.005326
85 2556.81428985
128 32911.2284263
129 54753.314281
31 2847.02644808
86 29510.3342449
32 15521.7089342
36 46240.6553682
89 30080.6291899
35 16409.0562274
88 2564.17036863
93 55792.2173732
34 2910.18230969
132 55401.7866911
39 46435.2519639
131 34839.3850346
91 2565.86685964
130 2521.50119881
37 2880.70978123
96 53675.0137155
38 17285.319096
92 31871.4557758
42 45539.9468052
135 52490.7825232
134 34678.0818568
99 54244.7413747
133 2517.09079013
95 32888.0642897
40 3036.93365418
41 18015.1139013
94 2574.2580081
45 47425.055706
48 48238.6494854
98 34263.0324846
44 18792.0855031
97 2577.12158454
138 55804.5284663
43 3098.01193742
137 35802.7065882
136 2526.52595876
102 55320.7564809
100 2590.74255413
46 3191.00592831
141 59019.0054958
47 19820.398656
51 50420.3678211
140 38945.4286469
105 58054.7105565
49 3219.4199436
139 2524.43961082
101 33876.2916925
54 50228.0435301
144 56129.3653446
50 20146.7935241
143 37731.7990253
52 3302.91578699
53 21163.3143977
142 2531.18460899
104 34725.0459647
103 2605.3166123
147 57000.13356
108 55265.9503671
145 2536.880938
146 38524.7308636
106 2607.40107147
150 57707.03854
149 38726.1799566
107 35925.2147577
148 2537.46586538
153 57972.8475658
152 42082.2436951
151 2543.02880125
156 55655.001312
155 42550.3163061
154 2549.99455106
159 55060.5017484
158 42669.5630499
162 55886.3952929
157 2560.22376187
161 42696.8473511
160 2567.2008338